# girardi 2003
# log(age/yr)   M_ini      M_act   logL/Lo   logTe   logG   Mbol    u'    g'    r'    i'    z'    Flum
	9.90   0.55000001   0.5500   -0.9406   3.6907   4.8276   7.121   9.189   7.863   7.191   6.931   6.800   -1.66026185
	9.90   0.60000002   0.5998   -0.7335   3.7252   4.7962   6.604   8.196   7.164   6.639   6.444   6.359   -1.47625717
	9.90   0.60932392   0.6091   -0.6984   3.7294   4.7846   6.516   8.065   7.060   6.553   6.364   6.284   -1.44584296
	9.90   0.64255083   0.6423   -0.5742   3.7442   4.7425   6.205   7.605   6.694   6.245   6.081   6.019   -1.34583285
	9.90   0.67168993   0.6714   -0.4654   3.7572   4.7051   5.933   7.223   6.380   5.978   5.836   5.788   -1.26761772
	9.90   0.69787163   0.6975   -0.3669   3.7686   4.6689   5.687   6.898   6.100   5.739   5.615   5.580   -1.20384134
	9.90   0.69999999   0.6996   -0.3589   3.7695   4.6657   5.667   6.871   6.078   5.720   5.596   5.563   -1.19890256
	9.90   0.70736617   0.7070   -0.3301   3.7729   4.6551   5.595   6.776   5.996   5.650   5.532   5.503   -1.18207885
	9.90   0.73033577   0.7298   -0.2392   3.7838   4.6217   5.368   6.501   5.742   5.430   5.329   5.312   -1.13216769
	9.90   0.75141186   0.7508   -0.1542   3.7938   4.5889   5.155   6.250   5.505   5.224   5.139   5.133   -1.08950913
	9.90   0.77095377   0.7703   -0.0730   3.8028   4.5549   4.952   6.020   5.280   5.027   4.955   4.960   -1.05239306
	9.90   0.78944916   0.7886   0.0065   3.8113   4.5195   4.754   5.809   5.060   4.833   4.774   4.790   -1.01924505
	9.90   0.80000001   0.7991   0.0542   3.8161   4.4966   4.634   5.683   4.929   4.716   4.665   4.686   -1.00113983
	9.90   0.81092882   0.8099   0.1036   3.8212   4.4738   4.511   5.554   4.792   4.595   4.552   4.579   -0.98296836
	9.90   0.83361572   0.8324   0.2155   3.8325   4.4190   4.231   5.270   4.482   4.318   4.294   4.335   -0.94702681
	9.90   0.84756881   0.8462   0.2899   3.8392   4.3786   4.045   5.086   4.277   4.133   4.121   4.171   -0.92604060
	9.90   0.86389744   0.8623   0.3876   3.8480   4.3242   3.801   4.845   4.006   3.890   3.894   3.954   -0.90248975
	9.90   0.88331205   0.8813   0.5234   3.8595   4.2439   3.462   4.518   3.630   3.551   3.577   3.651   -0.87581449
	9.90   0.88802439   0.8859   0.5607   3.8619   4.2181   3.368   4.428   3.529   3.457   3.488   3.565   -0.86954613
	9.90   0.89218324   0.8899   0.5961   3.8636   4.1916   3.280   4.343   3.433   3.368   3.403   3.482   -0.86407860
	9.90   0.89285749   0.8906   0.6020   3.8639   4.1870   3.265   4.329   3.417   3.353   3.388   3.468   -0.86319782
	9.90   0.89463991   0.8923   0.6202   3.8637   4.1693   3.220   4.286   3.370   3.307   3.342   3.422   -0.86087693
	9.90   0.89999998   0.8975   0.6752   3.8631   4.1144   3.082   4.153   3.229   3.167   3.202   3.281   -0.85396262
	9.90   0.90248120   0.8999   0.7002   3.8632   4.0907   3.020   4.093   3.164   3.103   3.139   3.218   -0.85079457
	9.90   0.90696591   0.9042   0.7570   3.8557   4.0062   2.878   3.957   3.034   2.954   2.978   3.049   -0.84512010
	9.90   0.91045517   0.9075   0.8124   3.8429   3.9010   2.739   3.828   2.921   2.807   2.811   2.866   -0.84075057
	9.90   0.91246873   0.9094   0.8529   3.8280   3.8019   2.638   3.739   2.854   2.698   2.678   2.716   -0.83824688
	9.90   0.91395664   0.9107   0.8859   3.8095   3.6957   2.555   3.686   2.818   2.609   2.560   2.575   -0.83640512
	9.90   0.91515887   0.9118   0.9144   3.7902   3.5902   2.484   3.662   2.801   2.535   2.453   2.446   -0.83492212
	9.90   0.91617620   0.9127   0.9343   3.7720   3.4982   2.434   3.673   2.807   2.484   2.373   2.344   -0.83367077
	9.90   0.91708112   0.9135   0.9578   3.7579   3.4184   2.375   3.688   2.794   2.425   2.292   2.246   -0.83256043
	9.90   0.91799730   0.9143   1.0079   3.7482   3.3300   2.250   3.621   2.701   2.301   2.152   2.094   -0.83143889
	9.90   0.91879410   0.9149   1.0739   3.7426   3.2420   2.085   3.504   2.556   2.137   1.979   1.914   -0.83046564
	9.90   0.91948193   0.9154   1.1412   3.7393   3.1615   1.917   3.365   2.400   1.969   1.806   1.737   -0.82962706
	9.90   0.92009002   0.9158   1.2073   3.7367   3.0854   1.752   3.223   2.243   1.805   1.638   1.565   -0.82888695
	9.90   0.92065638   0.9161   1.2736   3.7346   3.0108   1.586   3.076   2.085   1.640   1.470   1.394   -0.82819864
	9.90   0.92115444   0.9164   1.3369   3.7327   2.9399   1.428   2.937   1.933   1.481   1.308   1.231   -0.82759417
	9.90   0.92156118   0.9165   1.3966   3.7309   2.8733   1.279   2.805   1.790   1.332   1.156   1.076   -0.82710110
	9.90   0.92195892   0.9166   1.4579   3.7292   2.8051   1.125   2.670   1.642   1.179   1.000   0.918   -0.82661943
	9.90   0.92232859   0.9166   1.5188   3.7275   2.7372   0.973   2.535   1.496   1.027   0.845   0.761   -0.82617220
	9.90   0.92264313   0.9165   1.5792   3.7257   2.6696   0.822   2.402   1.352   0.876   0.692   0.605   -0.82579200
	9.90   0.92293572   0.9163   1.6392   3.7239   2.6023   0.672   2.274   1.210   0.727   0.539   0.451   -0.82543858
	9.90   0.92318982   0.9161   1.6998   3.7221   2.5346   0.520   2.147   1.066   0.576   0.386   0.295   -0.82513189
	9.90   0.92342705   0.9157   1.7593   3.7201   2.4670   0.372   2.026   0.927   0.429   0.235   0.141   -0.82484574
	9.90   0.92363560   0.9153   1.8188   3.7183   2.3998   0.223   1.906   0.787   0.281   0.083   -0.013   -0.82459431
	9.90   0.92382503   0.9148   1.8779   3.7163   2.3329   0.075   1.787   0.649   0.134   -0.067   -0.165   -0.82436607
	9.90   0.92400157   0.9141   1.9371   3.7143   2.2650   -0.073   1.670   0.511   -0.013   -0.218   -0.319   -0.82415343
	9.90   0.92414808   0.9134   1.9965   3.7123   2.1976   -0.221   1.551   0.373   -0.160   -0.369   -0.472   -0.82397705
	9.90   0.92428201   0.9126   2.0558   3.7102   2.1295   -0.369   1.433   0.236   -0.306   -0.519   -0.626   -0.82381587
	9.90   0.92440367   0.9117   2.1132   3.7082   2.0636   -0.513   1.319   0.104   -0.448   -0.665   -0.775   -0.82366951
	9.90   0.92451310   0.9106   2.1697   3.7065   1.9995   -0.654   1.205   -0.028   -0.588   -0.809   -0.920   -0.82353789
	9.90   0.92462862   0.9092   2.2237   3.7044   1.9366   -0.789   1.103   -0.151   -0.722   -0.946   -1.061   -0.82339900
	9.90   0.92467731   0.9085   2.2363   3.7040   1.9220   -0.821   1.079   -0.180   -0.753   -0.978   -1.094   -0.82334046
	9.90   0.92474461   0.9076   2.2111   3.7053   1.9519   -0.758   1.123   -0.124   -0.691   -0.914   -1.027   -0.82325958
	9.90   0.92483270   0.9063   2.2720   3.7031   1.8816   -0.910   1.007   -0.264   -0.842   -1.069   -1.186   -0.82315371
	9.90   0.93918371   0.8332   2.2838   3.7026   1.8314   -0.940   1.102   -0.287   -0.891   -1.116   -1.229   -0.80621892
	9.90   0.93913466   0.8340   2.2230   3.7064   1.9076   -0.788   1.194   -0.159   -0.743   -0.960   -1.068   -0.80627577
	9.90   0.93913084   0.8341   2.2252   3.7062   1.9048   -0.793   1.192   -0.163   -0.749   -0.966   -1.074   -0.80628019
	9.90   0.93911177   0.8344   2.2857   3.7024   1.8294   -0.944   1.100   -0.290   -0.896   -1.121   -1.234   -0.80630230
	9.90   0.93910670   0.8344   2.2269   3.7059   1.9020   -0.797   1.192   -0.165   -0.753   -0.970   -1.079   -0.80630817
	9.90   0.93910360   0.8345   2.1573   3.7101   1.9885   -0.623   1.300   -0.017   -0.583   -0.792   -0.895   -0.80631177
	9.90   0.93910134   0.8345   2.1013   3.7135   2.0580   -0.483   1.389   0.102   -0.447   -0.649   -0.748   -0.80631439
	9.90   0.93909848   0.8345   2.0358   3.7181   2.1420   -0.319   1.487   0.239   -0.288   -0.482   -0.574   -0.80631771
	9.90   0.93909347   0.8345   1.9758   3.7234   2.2234   -0.169   1.562   0.359   -0.144   -0.328   -0.412   -0.80632351
	9.90   0.93908590   0.8346   1.9397   3.7269   2.2733   -0.079   1.612   0.431   -0.056   -0.234   -0.314   -0.80633229
	9.90   0.93905801   0.8347   1.8951   3.7317   2.3370   0.032   1.678   0.520   0.052   -0.117   -0.191   -0.80636462
	9.90   0.93900043   0.8348   1.8681   3.7348   2.3769   0.100   1.715   0.573   0.118   -0.045   -0.115   -0.80643137
	9.90   0.93884695   0.8352   1.8374   3.7386   2.4227   0.176   1.757   0.633   0.193   0.036   -0.029   -0.80660935
	9.90   0.93872947   0.8355   1.8220   3.7407   2.4466   0.215   1.775   0.662   0.230   0.077   0.015   -0.80674564
	9.90   0.93863624   0.8357   1.8122   3.7419   2.4615   0.240   1.788   0.681   0.254   0.103   0.042   -0.80685380
	9.90   0.93837911   0.8361   1.7950   3.7449   2.4910   0.282   1.803   0.710   0.296   0.150   0.093   -0.80715229
	9.90   0.93818051   0.8365   1.7845   3.7467   2.5086   0.309   1.814   0.728   0.321   0.178   0.124   -0.80738297
	9.90   0.93798977   0.8367   1.7765   3.7481   2.5223   0.329   1.821   0.742   0.340   0.200   0.147   -0.80760462
	9.90   0.93780637   0.8370   1.7706   3.7490   2.5323   0.343   1.827   0.752   0.355   0.216   0.164   -0.80781784
#	9.90   0.93762749   0.8373   1.7662   3.7498   2.5398   0.354   1.831   0.760   0.365   0.228   0.177   -0.80802590
#	9.90   0.93745214   0.8375   1.7629   3.7501   2.5443   0.363   1.837   0.767   0.373   0.236   0.186   -0.80822995
#	9.90   0.93738937   0.8376   1.7620   3.7501   2.5455   0.365   1.839   0.769   0.376   0.239   0.188   -0.80830301
#	9.90   0.93726814   0.8378   1.7604   3.7501   2.5471   0.369   1.843   0.773   0.380   0.243   0.192   -0.80844416
	9.90   0.93708009   0.8380   1.7586   3.7496   2.5472   0.373   1.851   0.780   0.385   0.247   0.196   -0.80866319
#	9.90   0.93688941   0.8383   1.7573   3.7489   2.5458   0.377   1.860   0.786   0.388   0.249   0.197   -0.80888538
#	9.90   0.93669742   0.8385   1.7565   3.7480   2.5428   0.379   1.870   0.793   0.391   0.250   0.197   -0.80910920
#	9.90   0.93651175   0.8387   1.7559   3.7470   2.5398   0.380   1.880   0.799   0.393   0.250   0.196   -0.80932577
#	9.90   0.93633068   0.8390   1.7556   3.7460   2.5360   0.381   1.889   0.805   0.394   0.250   0.194   -0.80953707
#	9.90   0.93615764   0.8392   1.7546   3.7452   2.5342   0.384   1.898   0.811   0.398   0.252   0.195   -0.80973908
#	9.90   0.93599111   0.8394   1.7521   3.7449   2.5354   0.390   1.907   0.819   0.404   0.258   0.201   -0.80993358
#9.90   0.93598461   0.8394   1.7519   3.7449   2.5355   0.390   1.908   0.819   0.405   0.258   0.201   -0.80994117
#9.90   0.93584704   0.8396   1.7474   3.7453   2.5417   0.401   1.915   0.829   0.416   0.270   0.213   -0.81010190
#9.90   0.93571085   0.8398   1.7417   3.7460   2.5506   0.416   1.923   0.840   0.430   0.285   0.230   -0.81026109
9.90   0.93560028   0.8399   1.7271   3.7495   2.5793   0.452   1.927   0.860   0.464   0.326   0.274   -0.81039036
	10.15   0.80009955   0.6786   1.6217   3.8324   2.9233   0.716   1.906   0.828   0.720   0.730   0.773   -1.00097169
	10.15   0.79090858   0.6857   1.6106   3.9510   3.4134   0.743   1.840   0.757   0.979   1.174   1.306   -1.01670685
	10.15   0.79094219   0.6857   1.6119   3.9495   3.4061   0.740   1.838   0.750   0.970   1.164   1.294   -1.01664851
	10.15   0.79099166   0.6856   1.6128   3.9487   3.4020   0.738   1.836   0.747   0.965   1.158   1.288   -1.01656267
	10.15   0.79104406   0.6856   1.6143   3.9470   3.3938   0.734   1.833   0.740   0.955   1.147   1.276   -1.01647178
	10.15   0.79109919   0.6856   1.6163   3.9445   3.3817   0.729   1.830   0.731   0.942   1.131   1.258   -1.01637614
	10.15   0.79115832   0.6855   1.6182   3.9422   3.3707   0.724   1.827   0.723   0.930   1.116   1.242   -1.01627360
	10.15   0.79121941   0.6855   1.6209   3.9390   3.3552   0.718   1.823   0.710   0.912   1.095   1.218   -1.01616766
	10.15   0.79128373   0.6854   1.6247   3.9342   3.3321   0.708   1.818   0.692   0.886   1.064   1.184   -1.01605616
	10.15   0.79135054   0.6853   1.6291   3.9284   3.3043   0.697   1.812   0.671   0.856   1.027   1.143   -1.01594035
	10.15   0.79141790   0.6853   1.6343   3.9215   3.2716   0.684   1.805   0.652   0.822   0.985   1.097   -1.01582363
	10.15   0.79148513   0.6852   1.6406   3.9131   3.2315   0.668   1.795   0.636   0.786   0.936   1.042   -1.01570714
	10.15   0.79155207   0.6851   1.6482   3.9028   3.1828   0.650   1.785   0.615   0.741   0.877   0.976   -1.01559119
	10.15   0.79162109   0.6850   1.6568   3.8909   3.1266   0.628   1.771   0.607   0.697   0.814   0.904   -1.01547165
	10.15   0.79169238   0.6849   1.6669   3.8771   3.0610   0.603   1.756   0.603   0.648   0.741   0.822   -1.01534821
	10.15   0.79176581   0.6847   1.6784   3.8611   2.9854   0.574   1.736   0.612   0.605   0.668   0.735   -1.01522108
	10.15   0.79184341   0.6845   1.6916   3.8429   2.8993   0.541   1.716   0.628   0.562   0.591   0.640   -1.01508676
	10.15   0.79192555   0.6842   1.7075   3.8231   2.8041   0.501   1.697   0.647   0.516   0.508   0.538   -1.01494464
	10.15   0.79204553   0.6838   1.7298   3.8047   2.7078   0.445   1.673   0.650   0.459   0.417   0.428   -1.01473708
	10.15   0.79208159   0.6836   1.7375   3.8003   2.6823   0.426   1.662   0.646   0.440   0.390   0.395   -1.01467471
	10.15   0.79212934   0.6834   1.7466   3.7960   2.6560   0.404   1.652   0.638   0.418   0.360   0.361   -1.01459215
	10.15   0.79221231   0.6830   1.7668   3.7873   2.6008   0.353   1.628   0.617   0.368   0.296   0.286   -1.01444870
	10.15   0.79225785   0.6827   1.8120   3.7708   2.4894   0.240   1.575   0.563   0.259   0.157   0.129   -1.01436999
	10.15   0.79226798   0.6826   1.8579   3.7522   2.3690   0.125   1.554   0.522   0.152   0.017   -0.035   -1.01435247
	10.15   0.79227096   0.6826   1.8931   3.7435   2.2991   0.037   1.529   0.471   0.069   -0.082   -0.145   -1.01434732
	10.15   0.79227328   0.6825   1.9666   3.7319   2.1790   -0.147   1.441   0.340   -0.108   -0.279   -0.357   -1.01434330
	10.15   0.79227424   0.6825   2.0239   3.7266   2.1005   -0.290   1.344   0.221   -0.248   -0.429   -0.514   -1.01434166
9.90   0.92883277   0.8363   2.0231   3.7258   2.1865   -0.288   1.341   0.229   -0.243   -0.426   -0.512   -0.81837163
9.90   0.92883563   0.8363   2.0913   3.7210   2.0990   -0.458   1.231   0.084   -0.410   -0.602   -0.694   -0.81836823
9.90   0.92883867   0.8362   2.1664   3.7166   2.0064   -0.646   1.102   -0.080   -0.594   -0.794   -0.892   -0.81836461
9.90   0.92884278   0.8362   2.2318   3.7129   1.9261   -0.809   0.992   -0.222   -0.754   -0.962   -1.065   -0.81835972
9.90   0.92884570   0.8361   2.2527   3.7119   1.9011   -0.862   0.955   -0.269   -0.806   -1.015   -1.120   -0.81835625
9.90   0.92886615   0.8358   2.2125   3.7140   1.9495   -0.761   1.024   -0.180   -0.707   -0.912   -1.014   -0.81833193
9.90   0.92890835   0.8352   2.2740   3.7107   1.8745   -0.915   0.920   -0.315   -0.858   -1.070   -1.176   -0.81828174
9.90   0.92893642   0.8347   2.3562   3.7064   1.7750   -1.121   0.778   -0.495   -1.059   -1.280   -1.392   -0.81824836
9.90   0.92895925   0.8341   2.4317   3.7026   1.6839   -1.309   0.648   -0.660   -1.244   -1.473   -1.590   -0.81822121
9.90   0.92897505   0.8335   2.4946   3.6996   1.6086   -1.467   0.541   -0.797   -1.398   -1.634   -1.755   -0.81820243
9.90   0.92898935   0.8329   2.5624   3.6963   1.5272   -1.636   0.444   -0.940   -1.562   -1.805   -1.931   -0.81818542
9.90   0.92900240   0.8321   2.6201   3.6931   1.4565   -1.780   0.371   -1.057   -1.700   -1.951   -2.082   -0.81816990
9.90   0.92901593   0.8312   2.6849   3.6901   1.3790   -1.942   0.283   -1.192   -1.856   -2.115   -2.251   -0.81815382
9.90   0.92902702   0.8302   2.7489   3.6873   1.3035   -2.102   0.192   -1.326   -2.010   -2.276   -2.418   -0.81814064
9.90   0.92903519   0.8292   2.8110   3.6845   1.2296   -2.258   0.108   -1.455   -2.160   -2.434   -2.580   -0.81813093
9.90   0.92904294   0.8281   2.8775   3.6816   1.1511   -2.424   0.015   -1.594   -2.320   -2.602   -2.752   -0.81812172
9.90   0.92904925   0.8269   2.9369   3.6784   1.0781   -2.572   -0.053   -1.710   -2.460   -2.752   -2.908   -0.81811421
9.90   0.92905599   0.8254   2.9930   3.6757   1.0105   -2.713   -0.124   -1.823   -2.594   -2.893   -3.054   -0.81810620
9.90   0.92906314   0.8234   3.0565   3.6726   0.9337   -2.871   -0.182   -1.943   -2.742   -3.051   -3.218   -0.81809770
9.90   0.92906386   0.8231   3.0720   3.6719   0.9149   -2.910   -0.193   -1.972   -2.778   -3.090   -3.258   -0.81809685
9.90   0.92906499   0.8227   3.0858   3.6711   0.8981   -2.944   -0.203   -1.997   -2.810   -3.124   -3.294   -0.81809550
9.90   0.92906606   0.8223   3.0996   3.6704   0.8811   -2.979   -0.212   -2.022   -2.842   -3.158   -3.330   -0.81809423
9.90   0.92906713   0.8219   3.1134   3.6697   0.8642   -3.014   -0.221   -2.046   -2.873   -3.192   -3.365   -0.81809295
9.90   0.92906821   0.8215   3.1272   3.6690   0.8474   -3.048   -0.230   -2.071   -2.905   -3.226   -3.401   -0.81809167
9.90   0.92906934   0.8210   3.1410   3.6683   0.8303   -3.083   -0.239   -2.096   -2.936   -3.261   -3.436   -0.81809033
9.90   0.92907017   0.8206   3.1520   3.6677   0.8169   -3.110   -0.246   -2.115   -2.961   -3.288   -3.465   -0.81808934
9.90   0.92907125   0.8201   3.1659   3.6670   0.7999   -3.145   -0.255   -2.140   -2.993   -3.322   -3.501   -0.81808806
	10.15   0.79090858   0.6859   3.1985   3.6614   0.6672   -3.226   -0.134   -2.141   -3.051   -3.400   -3.591   -1.01670685
	9.90   0.93560028   0.8399   3.2357   3.6424   0.6421   -3.319   0.408   -2.026   -3.068   -3.455   -3.675   -0.81039036
	10.15   0.80009955   0.6801   3.2473   3.6366   0.5157   -3.348   0.614   -1.963   -3.062   -3.470   -3.703   -1.00097169
	10.15   0.80009186   0.6934   3.1978   3.6394   0.5848   -3.224   0.619   -1.885   -2.956   -3.353   -3.580   -1.00098468
	10.15   0.80008268   0.7062   3.1386   3.6428   0.6655   -3.077   0.627   -1.792   -2.828   -3.213   -3.432   -1.00100018
	10.15   0.80007195   0.7179   3.0778   3.6472   0.7510   -2.925   0.612   -1.706   -2.702   -3.072   -3.281   -1.00101830
	10.15   0.80006278   0.7258   3.0190   3.6504   0.8274   -2.778   0.635   -1.608   -2.573   -2.932   -3.133   -1.00103381
	10.15   0.80005056   0.7341   2.9603   3.6537   0.9043   -2.631   0.663   -1.506   -2.441   -2.788   -2.983   -1.00105445
	10.15   0.80003679   0.7416   2.8981   3.6566   0.9825   -2.475   0.711   -1.390   -2.297   -2.635   -2.824   -1.00107770
	10.15   0.80002302   0.7475   2.8373   3.6608   1.0635   -2.323   0.731   -1.288   -2.162   -2.487   -2.668   -1.00110096
	10.15   0.80000615   0.7531   2.7733   3.6646   1.1459   -2.163   0.772   -1.172   -2.016   -2.331   -2.505   -1.00112946
	10.15   0.80000001   0.7547   2.7530   3.6656   1.1713   -2.113   0.790   -1.133   -1.970   -2.281   -2.454   -1.00113983
	10.15   0.79998827   0.7579   2.7140   3.6676   1.2202   -2.015   0.824   -1.059   -1.880   -2.186   -2.354   -1.00115967
	10.15   0.79997122   0.7614   2.6608   3.6704   1.2863   -1.882   0.873   -0.957   -1.757   -2.055   -2.219   -1.00118847
	10.15   0.79995257   0.7647   2.6055   3.6732   1.3550   -1.744   0.924   -0.850   -1.629   -1.920   -2.078   -1.00121999
	10.15   0.79993147   0.7677   2.5511   3.6761   1.4225   -1.608   0.980   -0.743   -1.502   -1.785   -1.939   -1.00125564
	10.15   0.79991037   0.7702   2.5019   3.6786   1.4832   -1.485   1.039   -0.644   -1.384   -1.662   -1.811   -1.00129130
	10.15   0.79988527   0.7726   2.4474   3.6812   1.5493   -1.349   1.114   -0.530   -1.254   -1.525   -1.670   -1.00133371
	10.15   0.79985762   0.7748   2.3934   3.6838   1.6149   -1.213   1.190   -0.417   -1.125   -1.389   -1.530   -1.00138045
	10.15   0.79982680   0.7768   2.3390   3.6863   1.6807   -1.078   1.266   -0.303   -0.994   -1.253   -1.390   -1.00143253
	10.15   0.79979271   0.7785   2.2834   3.6887   1.7466   -0.938   1.351   -0.183   -0.860   -1.113   -1.247   -1.00149016
	10.15   0.79975450   0.7801   2.2289   3.6911   1.8115   -0.802   1.433   -0.066   -0.729   -0.977   -1.106   -1.00155475
	10.15   0.79966843   0.7828   2.1217   3.6954   1.9377   -0.534   1.602   0.168   -0.470   -0.708   -0.831   -1.00170028
	10.15   0.79960996   0.7841   2.0573   3.6981   2.0134   -0.373   1.704   0.309   -0.314   -0.546   -0.666   -1.00179917
	10.15   0.79955220   0.7852   2.0001   3.7004   2.0805   -0.230   1.802   0.435   -0.175   -0.403   -0.519   -1.00189687
	10.15   0.79948390   0.7862   1.9556   3.7023   2.1329   -0.119   1.885   0.535   -0.066   -0.290   -0.403   -1.00201243
	10.15   0.79940826   0.7872   1.9473   3.7022   2.1418   -0.098   1.905   0.556   -0.045   -0.269   -0.382   -1.00214043
	10.15   0.79932684   0.7881   1.8999   3.7038   2.1961   0.020   1.997   0.665   0.072   -0.149   -0.260   -1.00227823
	10.15   0.79923075   0.7890   1.8374   3.7062   2.2685   0.177   2.117   0.808   0.226   0.009   -0.098   -1.00244090
	10.15   0.79912645   0.7898   1.7742   3.7085   2.3413   0.334   2.239   0.953   0.381   0.170   0.065   -1.00261755
	10.15   0.79900414   0.7905   1.7070   3.7108   2.4183   0.503   2.369   1.108   0.548   0.340   0.239   -1.00282475
	10.15   0.79887354   0.7911   1.6431   3.7131   2.4913   0.662   2.494   1.255   0.706   0.502   0.404   -1.00304607
	10.15   0.79872656   0.7915   1.5790   3.7151   2.5637   0.822   2.625   1.405   0.864   0.664   0.568   -1.00329526
	10.15   0.79854757   0.7919   1.5110   3.7173   2.6408   0.992   2.762   1.563   1.032   0.836   0.743   -1.00359887
	10.15   0.79835439   0.7922   1.4461   3.7194   2.7142   1.155   2.894   1.715   1.192   1.000   0.910   -1.00392672
	10.15   0.79814380   0.7924   1.3826   3.7212   2.7852   1.314   3.025   1.865   1.350   1.160   1.073   -1.00428432
	10.15   0.79789031   0.7926   1.3138   3.7232   2.8621   1.486   3.167   2.027   1.520   1.334   1.249   -1.00471509
	10.15   0.79761660   0.7927   1.2469   3.7250   2.9362   1.653   3.307   2.185   1.686   1.503   1.421   -1.00518056
	10.15   0.79730052   0.7927   1.1798   3.7267   3.0100   1.820   3.455   2.347   1.854   1.673   1.593   -1.00571857
	10.15   0.79694992   0.7926   1.1137   3.7284   3.0828   1.986   3.605   2.506   2.018   1.840   1.762   -1.00631591
	10.15   0.79653323   0.7924   1.0464   3.7299   3.1563   2.154   3.757   2.668   2.186   2.010   1.934   -1.00702667
	10.15   0.79607564   0.7922   0.9776   3.7317   3.2322   2.326   3.911   2.834   2.357   2.185   2.111   -1.00780818
	10.15   0.79555267   0.7919   0.9074   3.7339   3.3107   2.502   4.065   3.002   2.532   2.363   2.292   -1.00870266
	10.15   0.79498887   0.7915   0.8407   3.7364   3.3873   2.668   4.206   3.159   2.698   2.533   2.465   -1.00966852
	10.15   0.79424274   0.7909   0.7591   3.7409   3.4867   2.872   4.364   3.346   2.901   2.743   2.680   -1.01094921
	10.15   0.79343843   0.7902   0.6949   3.7470   3.5748   3.033   4.466   3.483   3.059   2.911   2.856   -1.01233293
	10.15   0.79235631   0.7893   0.6392   3.7586   3.6763   3.172   4.521   3.582   3.198   3.068   3.027   -1.01419981
	10.15   0.78957719   0.7868   0.5621   3.7871   3.8661   3.365   4.559   3.688   3.398   3.312   3.304   -1.01902194
	10.15   0.78600752   0.7835   0.4840   3.8028   4.0051   3.560   4.692   3.844   3.601   3.539   3.548   -1.02527456
	10.15   0.78079975   0.7785   0.3984   3.8115   4.1228   3.774   4.881   4.040   3.820   3.771   3.791   -1.03451713
	10.15   0.77088803   0.7690   0.2793   3.8125   4.2407   4.072   5.167   4.342   4.122   4.072   4.093   -1.05251422
	10.15   0.77061987   0.7687   0.2766   3.8125   4.2431   4.078   5.173   4.349   4.128   4.079   4.100   -1.05300870
	10.15   0.76886576   0.7670   0.2588   3.8121   4.2584   4.123   5.217   4.395   4.173   4.123   4.143   -1.05625317
	10.15   0.76569462   0.7639   0.2279   3.8111   4.2835   4.200   5.294   4.476   4.251   4.198   4.217   -1.06216302
	10.15   0.76199126   0.7603   0.1941   3.8094   4.3086   4.285   5.380   4.566   4.335   4.279   4.297   -1.06913794
	10.15   0.74517530   0.7438   0.0556   3.8010   4.4038   4.631   5.735   4.937   4.678   4.609   4.616   -1.10183692
	10.15   0.73259783   0.7314   -0.0320   3.7947   4.4588   4.850   5.975   5.174   4.894   4.815   4.814   -1.12745089
	10.15   0.72229624   0.7213   -0.0964   3.7895   4.4966   5.011   6.156   5.350   5.052   4.965   4.958   -1.14921293
	10.15   0.70535690   0.7045   -0.1954   3.7805   4.5491   5.258   6.442   5.621   5.293   5.191   5.175   -1.18662691
	10.15   0.69999999   0.6992   -0.2242   3.7776   4.5632   5.331   6.527   5.700   5.363   5.257   5.237   -1.19890256
	10.15   0.69906282   0.6983   -0.2291   3.7771   4.5656   5.343   6.541   5.713   5.375   5.268   5.248   -1.20107286
	10.15   0.68250704   0.6818   -0.3137   3.7682   4.6041   5.554   6.816   5.951   5.581   5.460   5.430   -1.24057093
	10.15   0.66538280   0.6648   -0.3968   3.7587   4.6383   5.762   7.099   6.188   5.783   5.648   5.607   -1.28386574
	10.15   0.64738405   0.6469   -0.4808   3.7487   4.6705   5.972   7.393   6.429   5.988   5.837   5.785   -1.33228623
	10.15   0.62827015   0.6279   -0.5671   3.7382   4.7018   6.188   7.728   6.686   6.203   6.036   5.972   -1.38729416
	10.15   0.60764986   0.6073   -0.6584   3.7265   4.7319   6.416   8.090   6.960   6.432   6.246   6.168   -1.45122294
	10.15   0.60000002   0.5997   -0.6916   3.7223   4.7426   6.499   8.229   7.063   6.517   6.325   6.241   -1.47625717
	10.15   0.55917609   0.5592   -0.8553   3.7015   4.7929   6.908   8.934   7.577   6.947   6.719   6.608   -1.62358726
	10.15   0.55000001   0.5500   -0.8941   3.6966   4.8049   7.005   9.109   7.704   7.053   6.816   6.698   -1.66026185