6.90   0.15000001   0.1500   -2.3036   3.5907   5.2265   10.529   14.615   12.249   10.971   10.460   10.155   -9.59274740
6.90   0.20000000   0.2000   -2.0080   3.6158   5.1562   9.790   13.171   11.171   10.095   9.661   9.406   -6.50542581
6.90   0.25000000   0.2500   -1.7958   3.6285   5.0917   9.259   12.390   10.502   9.506   9.106   8.874   -4.81334753
6.90   0.30000001   0.3000   -1.6574   3.6372   5.0673   8.913   11.886   10.073   9.127   8.748   8.531   -3.76315853
6.90   0.34999999   0.3500   -1.5359   3.6446   5.0423   8.610   11.448   9.698   8.795   8.434   8.231   -3.05614800
6.90   0.40000001   0.4000   -1.4187   3.6513   5.0099   8.317   11.035   9.344   8.478   8.133   7.941   -2.55202682
6.90   0.44999999   0.4500   -1.2816   3.6596   4.9572   7.974   10.551   8.936   8.112   7.786   7.607   -2.17685426
6.90   0.50000000   0.5000   -1.1515   3.6693   4.9117   7.649   10.060   8.534   7.761   7.456   7.293   -1.88823797
6.90   0.55000001   0.5500   -1.0014   3.6842   4.8626   7.274   9.443   8.056   7.354   7.081   6.940   -1.66026185
6.90   0.60000002   0.6000   -0.8216   3.7155   4.8458   6.824   8.544   7.432   6.865   6.652   6.555   -1.47625717
6.90   0.69999999   0.7000   -0.5220   3.7515   4.7572   6.075   7.405   6.538   6.116   5.964   5.910   -1.19890256
6.90   0.80000001   0.8000   -0.2455   3.7876   4.6828   5.384   6.499   5.750   5.448   5.352   5.340   -1.00113983
6.90   0.89999998   0.9000   -0.0017   3.8199   4.6194   4.774   5.806   5.066   4.860   4.813   4.838   -0.85396262
6.90   1.00000000   1.0000   0.2140   3.8514   4.5757   4.235   5.252   4.453   4.336   4.341   4.404   -0.74074074
6.90   1.10000002   1.1000   0.4029   3.8866   4.5690   3.763   4.803   3.902   3.885   3.950   4.057   -0.65130752
6.90   1.20000005   1.2000   0.5711   3.9256   4.5947   3.342   4.420   3.421   3.514   3.648   3.797   -0.57912395
6.90   1.29999995   1.3000   0.7254   3.9607   4.6155   2.956   4.071   3.061   3.242   3.423   3.597   -0.51980772
6.90   1.39999998   1.4000   0.8625   3.9917   4.6343   2.614   3.747   2.797   3.029   3.241   3.431   -0.47031994
6.90   1.50000000   1.5000   0.9877   4.0194   4.6502   2.301   3.457   2.591   2.856   3.086   3.288   -0.42849231
6.90   1.60000002   1.6000   1.1035   4.0453   4.6657   2.011   3.197   2.420   2.708   2.951   3.162   -0.39273920
6.90   1.70000005   1.7000   1.2118   4.0690   4.6784   1.740   2.961   2.268   2.572   2.825   3.044   -0.36187632
6.90   1.75000000   1.7500   1.2631   4.0800   4.6839   1.612   2.852   2.196   2.508   2.765   2.988   -0.34798848
6.90   1.76999998   1.7700   1.2830   4.0843   4.6861   1.563   2.810   2.169   2.483   2.742   2.966   -0.34269071
6.90   1.79999995   1.8000   1.3127   4.0905   4.6888   1.488   2.748   2.128   2.446   2.707   2.933   -0.33500274
6.90   1.89999998   1.9000   1.4063   4.1101   4.6967   1.254   2.555   1.998   2.327   2.595   2.829   -0.31142170
6.90   2.00000000   2.0000   1.4944   4.1284   4.7044   1.034   2.378   1.877   2.217   2.490   2.731   -0.29058670
6.90   2.20000005   2.2000   1.6485   4.1618   4.7251   0.649   2.080   1.676   2.033   2.317   2.571   -0.25550276
6.90   2.50000000   2.5000   1.8459   4.1999   4.7357   0.155   1.698   1.397   1.773   2.067   2.336   -0.21500434
6.90   3.00000000   2.9999   2.1188   4.2481   4.7348   -0.527   1.170   0.986   1.386   1.695   1.979   -0.16809413
6.90   3.50000000   3.4999   2.3421   4.2841   4.7225   -1.085   0.732   0.631   1.049   1.367   1.661   -0.13651311
6.90   3.69262743   3.6925   2.4184   4.2957   4.7158   -1.276   0.581   0.505   0.929   1.250   1.547   -0.12698819
6.90   4.00000000   3.9999   2.5321   4.3134   4.7076   -1.560   0.357   0.320   0.751   1.077   1.379   -0.11399485
6.90   4.50000000   4.4998   2.6974   4.3381   4.6922   -1.974   0.029   0.044   0.486   0.818   1.127   -0.09723650
6.90   5.00000000   4.9997   2.8434   4.3594   4.6772   -2.338   -0.260   -0.203   0.249   0.586   0.900   -0.08434449
6.90   6.00000000   5.9995   3.0927   4.3952   4.6501   -2.962   -0.755   -0.631   -0.163   0.183   0.506   -0.06594199
6.90   7.00000000   6.9993   3.3094   4.4253   4.6208   -3.504   -1.192   -1.015   -0.533   -0.178   0.152   -0.05355301
6.90   7.37418270   7.3734   3.3827   4.4352   4.6099   -3.687   -1.343   -1.149   -0.662   -0.305   0.028   -0.04991746
6.90   9.00000000   8.9985   3.6710   4.4727   4.5581   -4.407   -1.954   -1.694   -1.190   -0.823   -0.481   -0.03814511
6.90   11.89435577   11.8911   4.0847   4.5236   4.4690   -5.442   -2.873   -2.523   -2.001   -1.625   -1.274   -0.02617918
6.90   12.00000000   11.9967   4.0986   4.5251   4.4648   -5.477   -2.905   -2.552   -2.030   -1.654   -1.302   -0.02586852
6.90   15.00000000   15.0000   4.4497   4.5598   4.3497   -6.354   -3.649   -3.253   -2.728   -2.354   -2.000   -0.01914005
6.90   17.76792336   17.7336   4.7186   4.5762   4.2190   -7.027   -4.240   -3.829   -3.303   -2.930   -2.575   -0.01522849
6.90   19.96803474   19.8926   4.9199   4.5760   4.0669   -7.530   -4.745   -4.334   -3.808   -3.435   -3.080   -0.01300809
6.90   20.00000000   19.9239   4.9229   4.5758   4.0638   -7.537   -4.753   -4.342   -3.816   -3.443   -3.088   -0.01298003
6.90   21.84165955   21.7469   5.0606   4.5616   3.9072   -7.882   -5.174   -4.773   -4.250   -3.877   -3.523   -0.01152473
6.90   23.53708076   23.4171   5.1852   4.5290   3.6845   -8.193   -5.633   -5.264   -4.745   -4.372   -4.021   -0.01041838
6.90   24.24145699   24.1086   5.2377   4.5082   3.5612   -8.324   -5.857   -5.507   -4.994   -4.623   -4.277   -0.01001180
6.90   24.63642502   24.4956   5.2686   4.4983   3.4976   -8.401   -5.980   -5.638   -5.129   -4.760   -4.416   -0.00979572
6.90   24.73031616   24.5880   5.2783   4.5026   3.5069   -8.426   -5.985   -5.640   -5.129   -4.759   -4.414   -0.00974555
6.90   24.82334900   24.6799   5.2970   4.5215   3.5653   -8.472   -5.945   -5.584   -5.066   -4.693   -4.344   -0.00969627
6.90   24.83720016   24.6935   5.3145   4.5378   3.6133   -8.516   -5.920   -5.542   -5.022   -4.649   -4.297   -0.00968897
6.90   24.83927345   24.6956   5.3175   4.5403   3.6205   -8.524   -5.918   -5.536   -5.016   -4.643   -4.291   -0.00968788
6.90   24.84563446   24.7018   5.3080   4.5302   3.5897   -8.500   -5.935   -5.565   -5.046   -4.673   -4.322   -0.00968453
6.90   24.84681129   24.7030   5.3075   4.5271   3.5776   -8.499   -5.947   -5.581   -5.061   -4.688   -4.338   -0.00968391
6.90   24.85029411   24.7064   5.3131   4.5150   3.5237   -8.513   -6.015   -5.660   -5.144   -4.772   -4.424   -0.00968208
6.90   24.85318565   24.7093   5.3180   4.5034   3.4726   -8.525   -6.081   -5.735   -5.224   -4.853   -4.508   -0.00968056
6.90   24.85588646   24.7120   5.3213   4.4893   3.4130   -8.533   -6.145   -5.814   -5.308   -4.941   -4.598   -0.00967914
#6.90   24.85828209   24.7143   5.3243   4.4763   3.3579   -8.541   -6.202   -5.886   -5.385   -5.020   -4.680   -0.00967788
#6.90   24.86053276   24.7166   5.3269   4.4635   3.3040   -8.547   -6.251   -5.952   -5.456   -5.092   -4.756   -0.00967670
#6.90   24.86276054   24.7188   5.3291   4.4491   3.2444   -8.553   -6.303   -6.024   -5.532   -5.172   -4.839   -0.00967553
#6.90   24.86453819   24.7205   5.3327   4.4370   3.1926   -8.562   -6.351   -6.089   -5.603   -5.246   -4.917   -0.00967459
#6.90   24.86778450   24.7237   5.3398   4.4151   3.0978   -8.580   -6.461   -6.220   -5.746   -5.396   -5.073   -0.00967289
#6.90   24.87043762   24.7263   5.3454   4.3992   3.0286   -8.594   -6.559   -6.324   -5.861   -5.515   -5.197   -0.00967149
#6.90   24.87482262   24.7307   5.3535   4.3763   2.9288   -8.614   -6.637   -6.449   -5.995   -5.654   -5.345   -0.00966919
#6.90   24.87956238   24.7353   5.3610   4.3587   2.8512   -8.633   -6.706   -6.554   -6.107   -5.772   -5.468   -0.00966671
#6.90   24.89051056   24.7461   5.3721   4.3407   2.7681   -8.660   -6.789   -6.673   -6.234   -5.904   -5.606   -0.00966097
#6.90   24.89607811   24.7516   5.3752   4.3394   2.7600   -8.668   -6.801   -6.688   -6.249   -5.919   -5.621   -0.00965805
#	6.90   26.30094528   26.1398   5.4441   4.3651   2.8175   -8.840   -6.895   -6.730   -6.281   -5.943   -5.637   -0.00896819
#	6.90   26.39908409   26.2370   5.4500   4.3438   2.7282   -8.855   -6.974   -6.852   -6.411   -6.080   -5.781   -0.00892321
#	6.90   26.46456146   26.3018   5.4542   4.3220   2.6376   -8.866   -7.054   -6.977   -6.545   -6.220   -5.928   -0.00889342
#	6.90   26.50558281   26.3424   5.4571   4.2978   2.5388   -8.873   -7.148   -7.113   -6.694   -6.375   -6.092   -0.00887485
#	6.90   26.51966667   26.3563   5.4579   4.2837   2.4817   -8.875   -7.235   -7.192   -6.788   -6.477   -6.198   -0.00886848
#	6.90   26.53150177   26.3680   5.4568   4.2604   2.3899   -8.872   -7.326   -7.315   -6.926   -6.622   -6.353   -0.00886314
#	6.90   26.53676033   26.3732   5.4525   4.2330   2.2847   -8.861   -7.393   -7.452   -7.074   -6.777   -6.518   -0.00886077
#	6.90   26.53960800   26.3760   5.4485   4.2056   2.1792   -8.851   -7.459   -7.591   -7.223   -6.933   -6.687   -0.00885949
#	6.90   26.54136086   26.3778   5.4461   4.1819   2.0868   -8.845   -7.519   -7.712   -7.355   -7.072   -6.837   -0.00885870
#	6.90   26.54267502   26.3791   5.4447   4.1602   2.0015   -8.842   -7.606   -7.811   -7.478   -7.206   -6.980   -0.00885811
#	6.90   26.54398918   26.3804   5.4440   4.1343   1.8984   -8.840   -7.670   -7.947   -7.627   -7.364   -7.151   -0.00885751
#	6.90   26.54464531   26.3810   5.4439   4.1198   1.8404   -8.840   -7.687   -8.031   -7.711   -7.449   -7.245   -0.00885722
#	6.90   26.54563713   26.3820   5.4440   4.0967   1.7480   -8.840   -7.721   -8.161   -7.844   -7.586   -7.396   -0.00885677
#	6.90   26.54682732   26.3832   5.4447   4.0652   1.6213   -8.842   -7.782   -8.324   -8.023   -7.776   -7.605   -0.00885624
#	6.90   26.54821396   26.3846   5.4458   4.0265   1.4655   -8.845   -7.878   -8.500   -8.233   -8.005   -7.860   -0.00885561
#	6.90   26.54999733   26.3863   5.4466   3.9742   1.2556   -8.846   -7.910   -8.742   -8.500   -8.289   -8.189   -0.00885481
#	6.90   26.55141068   26.3877   5.4461   3.9405   1.1215   -8.845   -7.884   -8.866   -8.644   -8.447   -8.380   -0.00885417
#	6.90   26.55203819   26.3883   5.4454   3.9252   1.0608   -8.844   -7.882   -8.903   -8.700   -8.513   -8.464   -0.00885389
#	6.90   26.55266380   26.3890   5.4444   3.9090   0.9971   -8.841   -7.846   -8.933   -8.747   -8.572   -8.540   -0.00885361
#	6.90   26.55344963   26.3897   5.4430   3.8904   0.9240   -8.838   -7.795   -8.956   -8.791   -8.634   -8.620   -0.00885325
#	6.90   26.55392075   26.3902   5.4416   3.8763   0.8692   -8.834   -7.757   -8.961   -8.818   -8.675   -8.677   -0.00885304
#	6.90   26.55454826   26.3908   5.4397   3.8596   0.8044   -8.829   -7.690   -8.938   -8.834   -8.720   -8.730   -0.00885276
#	6.90   26.55517578   26.3914   5.4371   3.8423   0.7377   -8.823   -7.615   -8.900   -8.845   -8.763   -8.780   -0.00885248
#	6.90   26.55564499   26.3919   5.4344   3.8258   0.6740   -8.816   -7.541   -8.849   -8.852   -8.805   -8.826   -0.00885227
#	6.90   26.55627251   26.3925   5.4305   3.8072   0.6038   -8.806   -7.448   -8.765   -8.853   -8.847   -8.874   -0.00885198
#	6.90   26.55674362   26.3930   5.4260   3.7898   0.5385   -8.795   -7.348   -8.677   -8.847   -8.880   -8.914   -0.00885177
#	6.90   26.55705643   26.3933   5.4209   3.7722   0.4735   -8.782   -7.233   -8.579   -8.834   -8.906   -8.950   -0.00885163
#	6.90   26.55752754   26.3938   5.4121   3.7530   0.4054   -8.760   -7.066   -8.451   -8.801   -8.917   -8.977   -0.00885142
#	6.90   26.55784035   26.3941   5.3993   3.7376   0.3566   -8.728   -6.880   -8.320   -8.754   -8.906   -8.982   -0.00885128
#	6.90   26.55867386   26.3949   5.4600   3.7214   0.2309   -8.880   -6.823   -8.358   -8.888   -9.079   -9.175   -0.00885090
#	7.15   16.04150200   15.9221   5.1530   3.6706   0.1156   -8.112   -4.921   -7.078   -7.992   -8.323   -8.494   -0.01748177
#	7.15   16.04081535   15.9214   5.1459   3.6711   0.1245   -8.095   -4.921   -7.067   -7.976   -8.306   -8.476   -0.01748278
#	7.15   16.03758621   15.9182   5.0953   3.6728   0.1819   -7.968   -4.867   -6.968   -7.858   -8.180   -8.347   -0.01748753
#	7.15   16.03063774   15.9114   5.0165   3.6763   0.2745   -7.771   -4.799   -6.822   -7.675   -7.984   -8.143   -0.01749777
#	7.15   16.02967262   15.9105   4.9544   3.6798   0.3504   -7.616   -4.749   -6.709   -7.530   -7.828   -7.980   -0.01749919
##	7.15   16.02912140   15.9099   4.8987   3.6884   0.4408   -7.477   -4.829   -6.664   -7.416   -7.688   -7.826   -0.01750000
##	7.15   16.02840614   15.9092   4.9151   3.7066   0.4968   -7.518   -5.232   -6.874   -7.503   -7.728   -7.838   -0.01750106
##	7.15   16.02800941   15.9088   4.9350   3.7241   0.5471   -7.567   -5.551   -7.063   -7.585   -7.767   -7.852   -0.01750164
##	7.15   16.02769279   15.9085   4.9486   3.7415   0.6029   -7.601   -5.777   -7.212   -7.638   -7.780   -7.847   -0.01750211
##	7.15   16.02721786   15.9081   4.9605   3.7638   0.6801   -7.631   -6.004   -7.372   -7.685   -7.777   -7.822   -0.01750281
##	7.15   16.02681923   15.9077   4.9674   3.7834   0.7518   -7.648   -6.153   -7.490   -7.708   -7.757   -7.787   -0.01750340
##	7.15   16.02642250   15.9073   4.9719   3.8024   0.8235   -7.660   -6.265   -7.588   -7.718   -7.725   -7.745   -0.01750398
##	7.15   16.02594757   15.9068   4.9753   3.8215   0.8964   -7.668   -6.356   -7.674   -7.716   -7.682   -7.693   -0.01750468
##	7.15   15.34884071   15.2486   4.9038   3.7345   0.6016   -7.490   -5.595   -7.055   -7.519   -7.676   -7.750   -0.01855514
##	7.15   15.33811951   15.2382   4.8968   3.7228   0.5614   -7.472   -5.439   -6.957   -7.487   -7.672   -7.759   -0.01857265
#	7.15   15.31589890   15.2164   4.9041   3.7131   0.5145   -7.490   -5.305   -6.899   -7.488   -7.697   -7.797   -0.01860904
#	7.15   15.31251907   15.2131   4.8716   3.7148   0.5537   -7.409   -5.258   -6.831   -7.409   -7.613   -7.712   -0.01861458
#	7.15   15.31115055   15.2118   4.8303   3.7275   0.6460   -7.306   -5.349   -6.825   -7.325   -7.499   -7.580   -0.01861683
#	7.15   15.31018448   15.2108   4.8556   3.7677   0.7813   -7.369   -5.782   -7.128   -7.423   -7.507   -7.547   -0.01861841
#	7.15   15.30921841   15.2099   4.8656   3.8312   1.0252   -7.394   -6.118   -7.427   -7.434   -7.381   -7.386   -0.01862000
#	7.15   15.30825233   15.2089   4.8651   3.8951   1.2814   -7.393   -6.352   -7.512   -7.342   -7.180   -7.156   -0.01862159
#	7.15   15.30728626   15.2080   4.8613   3.9552   1.5255   -7.383   -6.435   -7.368   -7.131   -6.925   -6.840   -0.01862317
#	7.15   15.30632019   15.2070   4.8561   4.0138   1.7651   -7.370   -6.437   -7.096   -6.836   -6.611   -6.475   -0.01862476
#	7.15   15.30535412   15.2061   4.8501   4.0664   1.9816   -7.355   -6.316   -6.845   -6.542   -6.294   -6.119   -0.01862635
#	7.15   15.30438709   15.2051   4.8438   4.1140   2.1780   -7.340   -6.214   -6.579   -6.257   -5.995   -5.792   -0.01862793
#	7.15   15.30342102   15.2042   4.8381   4.1570   2.3557   -7.325   -6.098   -6.334   -5.993   -5.718   -5.493   -0.01862952
#	7.15   15.30277634   15.2036   4.8348   4.1858   2.4745   -7.317   -6.001   -6.176   -5.816   -5.531   -5.293   -0.01863058
#	7.15   15.30221272   15.2030   4.8333   4.2049   2.5522   -7.313   -5.939   -6.069   -5.700   -5.410   -5.163   -0.01863151
#	7.15   15.30156803   15.2024   4.8320   4.2267   2.6408   -7.310   -5.864   -5.949   -5.568   -5.271   -5.014   -0.01863257
#	7.15   15.30092335   15.2017   4.8313   4.2472   2.7233   -7.308   -5.791   -5.836   -5.445   -5.141   -4.876   -0.01863363
#	7.15   15.30043983   15.2013   4.8305   4.2622   2.7840   -7.306   -5.737   -5.753   -5.354   -5.046   -4.775   -0.01863442
	7.15   15.29979515   15.2006   4.8291   4.2790   2.8527   -7.303   -5.669   -5.659   -5.249   -4.936   -4.658   -0.01863548
	7.15   15.29923153   15.2001   4.8275   4.2940   2.9146   -7.299   -5.602   -5.573   -5.154   -4.835   -4.552   -0.01863641
	7.15   15.29850674   15.1994   4.8243   4.3114   2.9869   -7.291   -5.536   -5.473   -5.045   -4.722   -4.433   -0.01863760
	7.15   15.29769993   15.1986   4.8207   4.3276   3.0557   -7.282   -5.468   -5.376   -4.941   -4.614   -4.319   -0.01863893
	7.15   15.29705524   15.1980   4.8170   4.3428   3.1200   -7.273   -5.403   -5.285   -4.843   -4.512   -4.212   -0.01863999
	7.15   15.29616928   15.1971   4.8123   4.3600   3.1936   -7.261   -5.327   -5.182   -4.732   -4.396   -4.090   -0.01864145
	7.15   15.29536343   15.1963   4.8070   4.3757   3.2617   -7.247   -5.255   -5.085   -4.628   -4.287   -3.976   -0.01864277
	7.15   15.29439545   15.1954   4.8008   4.3926   3.3352   -7.232   -5.178   -4.983   -4.518   -4.173   -3.857   -0.01864437
	7.15   15.29350853   15.1945   4.7951   4.4083   3.4038   -7.218   -5.100   -4.886   -4.412   -4.063   -3.742   -0.01864583
	7.15   15.29238033   15.1934   4.7894   4.4246   3.4746   -7.204   -5.026   -4.790   -4.307   -3.953   -3.627   -0.01864768
	7.15   15.29125118   15.1923   4.7846   4.4408   3.5442   -7.192   -4.968   -4.705   -4.216   -3.857   -3.527   -0.01864954
	7.15   15.28996086   15.1910   4.7822   4.4564   3.6089   -7.185   -4.911   -4.625   -4.130   -3.768   -3.433   -0.01865167
	7.15   15.28896809   15.1900   4.7843   4.4669   3.6488   -7.191   -4.878   -4.579   -4.080   -3.716   -3.378   -0.01865330
	7.15   15.28574085   15.1869   4.8020   4.4824   3.6929   -7.235   -4.868   -4.549   -4.044   -3.677   -3.336   -0.01865862
	7.15   15.28485203   15.1860   4.7993   4.4806   3.6887   -7.228   -4.867   -4.550   -4.046   -3.680   -3.339   -0.01866008
	7.15   15.27766514   15.1790   4.7720   4.4624   3.6428   -7.160   -4.862   -4.569   -4.072   -3.709   -3.372   -0.01867193
	7.15   15.22739506   15.1297   4.7503   4.4420   3.5815   -7.106   -4.873   -4.611   -4.121   -3.762   -3.431   -0.01875520
	7.15   15.15571308   15.0594   4.7363   4.4383   3.5789   -7.071   -4.847   -4.591   -4.103   -3.745   -3.416   -0.01887505
	7.15   15.00000000   14.9063   4.7100   4.4425   3.6174   -7.005   -4.766   -4.505   -4.015   -3.656   -3.324   -0.01914005
	7.15   14.72666550   14.6429   4.6626   4.4543   3.7042   -6.887   -4.602   -4.326   -3.831   -3.469   -3.135   -0.01962119
	7.15   14.01966190   13.9597   4.5461   4.4755   3.8848   -6.595   -4.225   -3.926   -3.422   -3.055   -2.714   -0.02096865
	7.15   13.09791660   13.0646   4.4004   4.4858   4.0431   -6.231   -3.817   -3.508   -2.999   -2.630   -2.287   -0.02298493
	7.15   12.00000000   11.9917   4.2306   4.4845   4.1703   -5.806   -3.380   -3.079   -2.571   -2.201   -1.858   -0.02586852
	7.15   11.99822807   11.9899   4.2303   4.4845   4.1706   -5.806   -3.379   -3.079   -2.570   -2.201   -1.858   -0.02587368
	7.15   10.54936695   10.5442   3.9907   4.4700   4.2963   -5.207   -2.801   -2.531   -2.028   -1.662   -1.322   -0.03078298
	7.15   9.00000000   8.9969   3.7258   4.4443   4.3894   -4.544   -2.202   -1.981   -1.489   -1.130   -0.795   -0.03814511
	7.15   8.51639366   8.5138   3.6355   4.4353   4.4196   -4.319   -2.002   -1.798   -1.311   -0.953   -0.621   -0.04109803
	7.15   7.18563175   7.1841   3.3740   4.4054   4.4881   -3.665   -1.444   -1.294   -0.820   -0.471   -0.146   -0.05169381
	7.15   7.00000000   6.9986   3.3350   4.4008   4.4970   -3.568   -1.362   -1.220   -0.748   -0.401   -0.076   -0.05355301
	7.15   6.00000000   5.9991   3.1048   4.3708   4.5405   -2.992   -0.892   -0.806   -0.347   -0.006   0.309   -0.06594199
	7.15   5.41804695   5.4174   2.9566   4.3500   4.5614   -2.621   -0.595   -0.548   -0.099   0.236   0.547   -0.07567954
	7.15   5.00000000   4.9995   2.8424   4.3338   4.5758   -2.336   -0.367   -0.352   0.089   0.420   0.727   -0.08434449
	7.15   4.50000000   4.4996   2.6935   4.3123   4.5931   -1.964   -0.069   -0.099   0.333   0.658   0.959   -0.09723650
	7.15   4.00000000   3.9997   2.5236   4.2875   4.6123   -1.539   0.271   0.186   0.606   0.925   1.220   -0.11399485
	7.15   3.50000000   3.4998   2.3299   4.2582   4.6311   -1.055   0.657   0.505   0.912   1.223   1.509   -0.13651311
	7.15   3.00000000   2.9999   2.1030   4.2227   4.6491   -0.487   1.107   0.872   1.261   1.562   1.837   -0.16809413
	7.15   2.81782889   2.8177   2.0074   4.2068   4.6538   -0.248   1.295   1.021   1.402   1.699   1.969   -0.18292855
	7.15   2.50000000   2.4999   1.8283   4.1784   4.6671   0.199   1.656   1.309   1.675   1.964   2.224   -0.21500434
	7.15   2.20000005   2.2000   1.6277   4.1425   4.6687   0.701   2.060   1.611   1.959   2.237   2.484   -0.25550276
	7.15   2.00000000   2.0000   1.4760   4.1130   4.6610   1.080   2.369   1.829   2.162   2.431   2.666   -0.29058670
	7.15   1.89999998   1.9000   1.3901   4.0956   4.6549   1.295   2.547   1.951   2.274   2.537   2.766   -0.31142170
	7.15   1.79999995   1.8000   1.2970   4.0762   4.6471   1.527   2.743   2.082   2.393   2.650   2.871   -0.33500274
	7.15   1.75000000   1.7500   1.2484   4.0661   4.6430   1.649   2.849   2.152   2.457   2.710   2.927   -0.34798848
	7.15   1.70000005   1.7000   1.1974   4.0552   4.6378   1.776   2.960   2.225   2.522   2.770   2.984   -0.36187632
	7.15   1.60000002   1.6000   1.0911   4.0313   4.6224   2.042   3.196   2.376   2.654   2.892   3.098   -0.39273920
	7.15   1.50000000   1.5000   0.9732   4.0058   4.6100   2.337   3.469   2.561   2.814   3.037   3.234   -0.42849231
	7.15   1.39999998   1.4000   0.8481   3.9774   4.5917   2.650   3.767   2.778   2.993   3.194   3.379   -0.47031994
	7.15   1.29999995   1.3000   0.7091   3.9465   4.5747   2.997   4.096   3.069   3.223   3.389   3.555   -0.51980772
	7.15   1.20000005   1.2000   0.5545   3.9114   4.5543   3.384   4.447   3.465   3.520   3.632   3.769   -0.57912395
	7.15   1.10000002   1.1000   0.3812   3.8735   4.5382   3.817   4.851   3.965   3.912   3.957   4.051   -0.65130752
	7.15   1.00000000   1.0000   0.1903   3.8415   4.5598   4.294   5.324   4.515   4.370   4.361   4.416   -0.74074074
	7.15   0.89999998   0.9000   -0.0257   3.8119   4.6116   4.834   5.900   5.123   4.892   4.836   4.856   -0.85396262
	7.15   0.80000001   0.8000   -0.2706   3.7811   4.6819   5.446   6.625   5.809   5.480   5.379   5.363   -1.00113983
	7.15   0.69999999   0.7000   -0.5457   3.7444   4.7525   6.134   7.607   6.609   6.149   5.991   5.934   -1.19890256
	7.15   0.60000002   0.6000   -0.8464   3.7035   4.8226   6.886   8.885   7.545   6.922   6.698   6.589   -1.47625717
	7.15   0.55000001   0.5500   -1.0013   3.6842   4.8625   7.273   9.581   8.056   7.346   7.085   6.949   -1.66026185
	7.15   0.50000000   0.5000   -1.1515   3.6693   4.9117   7.649   10.208   8.543   7.758   7.464   7.305   -1.88823797
	7.15   0.44999999   0.4500   -1.2815   3.6596   4.9571   7.974   10.704   8.952   8.112   7.794   7.619   -2.17685426
	7.15   0.40000001   0.4000   -1.4187   3.6513   5.0099   8.317   11.192   9.367   8.479   8.141   7.952   -2.55202682
	7.15   0.34999999   0.3500   -1.5358   3.6446   5.0423   8.610   11.604   9.725   8.797   8.441   8.240   -3.05614800
	7.15   0.30000001   0.3000   -1.6574   3.6372   5.0673   8.913   12.040   10.103   9.128   8.753   8.539   -3.76315853
	7.15   0.25000000   0.2500   -1.7958   3.6285   5.0917   9.259   12.541   10.537   9.507   9.109   8.879   -4.81334753
	7.15   0.20000000   0.2000   -2.0080   3.6158   5.1562   9.790   13.311   11.210   10.095   9.661   9.408   -6.50542581
	7.15   0.15000001   0.1500   -2.3036   3.5907   5.2265   10.529   14.715   12.286   10.971   10.457   10.153   -9.59274740