#HVC name       AGC     RA+Dec            cz   VLSR VGSR  VLG   W50 Werr a    b      PA   Sint  Serr  S/N  
HVC141.38-31.05  122834  020348.7  +291244     49   46  166  240    13  5   12.0  7.7  -258   3.09 0.06  32.6  g
HVC205.28+18.70  174540  074559.9  +145837    162  150   59   42    23  4   10.0  5.8    51   2.06 0.04  28.0  g
HVC214.76+42.45  198606  093005.4  +163956     51   44  -49  -85    26  1   13.1 11.4  -237  17.44 0.05  99.9  g
HVC204.88+44.86  198511  093013.2  +241217    152  147   80   53    15  1    7.7  6.4  -235   0.73 0.03  14.0  g
HVC215.28+49.73  095918  095911.8  +185535     84   79   -4  -41    22  1   20.4 12.1  -266   3.91 0.09  23.9  g
HVC217.77+58.67  103720  103706.6  +203058     98   96   25  -13    23  1   15.5  7.7  -119   2.74 0.05  27.6  g
HVC212.68+62.39  104923  104932.4  +235638     65   64    8  -26    23  1   16.5  9.8    89   3.95 0.07  28.9  g
HVC245.26+69.53  215417  114008.1  +150644    216  217  146   97    17  4   10.4  9.0   -14   0.70 0.04   8.8  g
HVC235.38+74.79  115120  115124.3  +203220    192  195  147  105    21  1   11.1  5.1    47   0.88 0.04  12.5  g
HVC274.68+74.70  226067  122154.7  +132810   -128 -123 -182 -232    54 13    5.2  4.0    74   0.92 0.05  11.0  p
HVC271.57+79.03  122717  122734.7  +173823    242  248  205  161    23  8    9.9  6.2     9   0.77 0.04   9.6  g
HVC298.95+68.17  227987  124529.8  +052023    265  270  196  139    26  1   15.6  9.2   -37   5.58 0.06  44.2  g
HVC314.57+74.80  238626  130351.1  +121223    211  218  176  127    36 12    5.4  3.1     7   0.35 0.04   5.2  p
HVC326.91+65.25  238713  133043.8  +041338    308  316  264  210    26  4   11.5  9.9    33   1.25 0.08  10.9  p
HVC346.46+62.52  249320  140600.0  +060736     59   69   45   -1    24  4    6.9  4.2    86   0.80 0.03  11.2  g
HVC003.96+69.03  249000  140721.7  +154526     66   78   83   47    31 14    9.4  7.9  -243   1.89 0.04  20.8  g
HVC011.76+67.89  141717  141750.1  +173252     48   60   78   45    24  7    9.9  7.3   -66   6.36 0.04  77.5  g
HVC353.41+61.07  249323  141948.6  +071115    246  257  244  201    20  4   13.3  9.0    66   1.34 0.05  13.0  g
HVC351.17+58.56  249282  142321.2  +043437    203  214  196  151    40  8    7.3  4.8     0   1.45 0.06  17.4  p
HVC005.58+52.07  258459  150441.3  +061259    149  163  176  141    24  8   11.0  9.7  -248   1.33 0.05  12.9  g
HVC013.59+54.52  258237  150723.0  +113256    155  169  200  170    23  3   10.1  4.9    40   1.34 0.04  17.1  g
HVC013.63+53.78  258242  151000.6  +111127    207  222  253  224    21  2    9.1  5.6  -231   0.71 0.04   8.7  g
HVC028.07+43.42  268069  160532.6  +145920    132  150  227  214    29  4    9.5  5.3    37   1.15 0.05  10.8  g
HVC027.86+38.25  268074  162443.4  +124412    107  124  207  197    23  4   10.9  8.8   -19   1.28 0.05  12.6  g
